atlas_df <- data.frame(atlas=c(
    "AAL",
    "CPAC200",
    "DS00071",
    "DS00096",
    "DS00108",
    "DS00140",
    "DS00195",
    "DS00278",
    "DS00350",
    "DS00446",
    "DS00583",
    "DS00833",
    "DS01216",
    "DS01876",
    "DS03231",
    "DS06481",
    "DS16784",
    "DS72784",
    "HarvardOxford",
    "JHU",
    "Talairach",
    "desikan",
    "slab1068",
    "slab907"),
    size = c(116,
            200,
            71,
            96,
            108,
            140,
            195,
            278,
            350,
            446,
            583,
            833,
            1216,
            1876,
            3231,
            6481,
            16784,
            72784,
            111,
            48,
            1105,
            70,
            1924,
            1565))

atlas_fm_df <- data.frame(
    atlas = c("CPAC200_res-2x2x2",
        "DK_res-2x2x2",
        "DS00071_res-2x2x2",
        "DS00096_res-2x2x2",
        "DS00108_res-2x2x2",
        "DS00140_res-2x2x2",
        "DS00195_res-2x2x2",
        "DS00278_res-2x2x2",
        "DS00350_res-2x2x2",
        "DS00446_res-2x2x2",
        "DS00583_res-2x2x2",
        "DS00833_res-2x2x2",
        "DS01216_res-2x2x2",
        "HarvardOxfordcort-maxprob-thr25_res-2x2x2",
        "HarvardOxfordmaxprob-thr25_res-2x2x2",
        "JHU_res-2x2x2",
        "aal_res-2x2x2",
        "brodmann_res-2x2x2",
        "desikan_res-2x2x2",
        "pp264_res-2x2x2"))


neurodata_scan_list <- c(
    "KKI2009_113_1",
    "KKI2009_113_2",
    "KKI2009_127_1",
    "KKI2009_127_2",
    "KKI2009_142_1",
    "KKI2009_142_2",
    "KKI2009_239_1",
    "KKI2009_239_2",
    "KKI2009_346_1",
    "KKI2009_346_2",
    "KKI2009_422_1",
    "KKI2009_422_2",
    "KKI2009_492_1",
    "KKI2009_492_2",
    "KKI2009_502_1",
    "KKI2009_502_2",
    "KKI2009_505_1",
    "KKI2009_505_2",
    "KKI2009_656_1",
    "KKI2009_656_2",
    "KKI2009_679_1",
    "KKI2009_679_2",
    "KKI2009_742_1",
    "KKI2009_742_2",
    "KKI2009_800_1",
    "KKI2009_800_2",
    "KKI2009_814_1",
    "KKI2009_814_2",
    "KKI2009_815_1",
    "KKI2009_815_2",
    "KKI2009_849_1",
    "KKI2009_849_2",
    "KKI2009_906_1",
    "KKI2009_906_2",
    "KKI2009_913_1",
    "KKI2009_913_2",
    "KKI2009_916_1",
    "KKI2009_916_2",
    "KKI2009_934_1",
    "KKI2009_934_2",
    "KKI2009_959_1",
    "KKI2009_959_2",
    # "NKI24_0021001_1",
    # "NKI24_0021001_2",
    # "NKI24_0021002_1",
    # "NKI24_0021002_2",
    # "NKI24_0021006_1",
    # "NKI24_0021006_2",
    # "NKI24_0021018_1",
    # "NKI24_0021018_2",
    # "NKI24_0021024_1",
    # "NKI24_0021024_2",
    # "NKI24_1793622_1",
    # "NKI24_1793622_2",
    # "NKI24_1961098_1",
    # "NKI24_1961098_2",
    # "NKI24_2475376_1",
    # "NKI24_2475376_2",
    # "NKI24_2799329_1",
    # "NKI24_2799329_2",
    # "NKI24_2842950_1",
    # "NKI24_2842950_2",
    # "NKI24_3201815_1",
    # "NKI24_3201815_2",
    # "NKI24_3315657_1",
    # "NKI24_3315657_2",
    # "NKI24_3795193_1",
    # "NKI24_3795193_2",
    # "NKI24_3808535_1",
    # "NKI24_3808535_2",
    # "NKI24_4176156_1",
    # "NKI24_4176156_2",
    # "NKI24_4288245_1",
    # "NKI24_4288245_2",
    # "NKI24_7055197_1",
    # "NKI24_7055197_2",
    # "NKI24_8735778_1",
    # "NKI24_8735778_2",
    # "NKI24_9630905_1",
    # "NKI24_9630905_2",
    "SWU4_0025629_1",
    "SWU4_0025629_2",
    "SWU4_0025630_1",
    "SWU4_0025630_2",
    "SWU4_0025631_1",
    "SWU4_0025631_2",
    "SWU4_0025632_1",
    "SWU4_0025632_2",
    "SWU4_0025633_1",
    "SWU4_0025633_2",
    "SWU4_0025634_1",
    "SWU4_0025634_2",
    "SWU4_0025635_1",
    "SWU4_0025635_2",
    "SWU4_0025636_1",
    "SWU4_0025636_2",
    "SWU4_0025637_1",
    "SWU4_0025637_2",
    "SWU4_0025638_1",
    "SWU4_0025638_2",
    "SWU4_0025639_1",
    "SWU4_0025639_2",
    "SWU4_0025640_1",
    "SWU4_0025640_2",
    "SWU4_0025641_1",
    "SWU4_0025641_2",
    "SWU4_0025642_1",
    "SWU4_0025642_2",
    "SWU4_0025643_1",
    "SWU4_0025643_2",
    "SWU4_0025644_1",
    "SWU4_0025644_2",
    "SWU4_0025645_1",
    "SWU4_0025645_2",
    "SWU4_0025646_1",
    "SWU4_0025646_2",
    "SWU4_0025647_1",
    "SWU4_0025647_2",
    "SWU4_0025648_1",
    "SWU4_0025648_2",
    "SWU4_0025649_1",
    "SWU4_0025649_2",
    "SWU4_0025650_1",
    "SWU4_0025650_2",
    "SWU4_0025651_1",
    "SWU4_0025651_2",
    "SWU4_0025652_1",
    "SWU4_0025652_2",
    "SWU4_0025653_1",
    "SWU4_0025653_2",
    "SWU4_0025655_1",
    "SWU4_0025655_2",
    "SWU4_0025656_1",
    "SWU4_0025656_2",
    "SWU4_0025657_1",
    "SWU4_0025657_2",
    "SWU4_0025658_1",
    "SWU4_0025658_2",
    "SWU4_0025659_1",
    "SWU4_0025659_2",
    "SWU4_0025660_1",
    "SWU4_0025660_2",
    "SWU4_0025661_1",
    "SWU4_0025661_2",
    "SWU4_0025662_1",
    "SWU4_0025662_2",
    "SWU4_0025663_1",
    "SWU4_0025663_2",
    "SWU4_0025664_1",
    "SWU4_0025664_2",
    "SWU4_0025665_1",
    "SWU4_0025665_2",
    "SWU4_0025666_1",
    "SWU4_0025666_2",
    "SWU4_0025667_1",
    "SWU4_0025667_2",
    "SWU4_0025668_1",
    "SWU4_0025668_2",
    "SWU4_0025669_1",
    "SWU4_0025669_2",
    "SWU4_0025670_1",
    "SWU4_0025670_2",
    "SWU4_0025671_1",
    "SWU4_0025671_2",
    "SWU4_0025672_1",
    "SWU4_0025672_2",
    "SWU4_0025673_1",
    "SWU4_0025673_2",
    "SWU4_0025674_1",
    "SWU4_0025674_2",
    "SWU4_0025675_1",
    "SWU4_0025675_2",
    "SWU4_0025676_1",
    "SWU4_0025676_2",
    "SWU4_0025677_1",
    "SWU4_0025677_2",
    "SWU4_0025678_1",
    "SWU4_0025678_2",
    "SWU4_0025679_1",
    "SWU4_0025679_2",
    "SWU4_0025680_1",
    "SWU4_0025680_2",
    "SWU4_0025681_1",
    "SWU4_0025681_2",
    "SWU4_0025682_1",
    "SWU4_0025682_2",
    "SWU4_0025683_1",
    "SWU4_0025683_2",
    "SWU4_0025684_1",
    "SWU4_0025684_2",
    "SWU4_0025685_1",
    "SWU4_0025685_2",
    "SWU4_0025686_1",
    "SWU4_0025686_2",
    "SWU4_0025687_1",
    "SWU4_0025687_2",
    "SWU4_0025688_1",
    "SWU4_0025688_2",
    "SWU4_0025689_1",
    "SWU4_0025689_2",
    "SWU4_0025690_1",
    "SWU4_0025690_2",
    "SWU4_0025691_1",
    "SWU4_0025691_2",
    "SWU4_0025692_1",
    "SWU4_0025692_2",
    "SWU4_0025693_1",
    "SWU4_0025693_2",
    "SWU4_0025694_1",
    "SWU4_0025694_2",
    "SWU4_0025695_1",
    "SWU4_0025695_2",
    "SWU4_0025696_1",
    "SWU4_0025696_2",
    "SWU4_0025697_1",
    "SWU4_0025697_2",
    "SWU4_0025698_1",
    "SWU4_0025698_2",
    "SWU4_0025699_1",
    "SWU4_0025699_2",
    "SWU4_0025700_1",
    "SWU4_0025700_2",
    "SWU4_0025701_1",
    "SWU4_0025701_2",
    "SWU4_0025702_1",
    "SWU4_0025702_2",
    "SWU4_0025703_1",
    "SWU4_0025703_2",
    "SWU4_0025704_1",
    "SWU4_0025704_2",
    "SWU4_0025705_1",
    "SWU4_0025705_2",
    "SWU4_0025706_1",
    "SWU4_0025706_2",
    "SWU4_0025707_1",
    "SWU4_0025707_2",
    "SWU4_0025708_1",
    "SWU4_0025708_2",
    "SWU4_0025709_1",
    "SWU4_0025709_2",
    "SWU4_0025710_1",
    "SWU4_0025710_2",
    "SWU4_0025711_1",
    "SWU4_0025711_2",
    "SWU4_0025712_1",
    "SWU4_0025712_2",
    "SWU4_0025713_1",
    "SWU4_0025713_2",
    "SWU4_0025714_1",
    "SWU4_0025714_2",
    "SWU4_0025715_1",
    "SWU4_0025715_2",
    "SWU4_0025716_1",
    "SWU4_0025716_2",
    "SWU4_0025717_1",
    "SWU4_0025717_2",
    "SWU4_0025718_1",
    "SWU4_0025718_2",
    "SWU4_0025719_1",
    "SWU4_0025719_2",
    "SWU4_0025720_1",
    "SWU4_0025720_2",
    "SWU4_0025721_1",
    "SWU4_0025721_2",
    "SWU4_0025722_1",
    "SWU4_0025722_2",
    "SWU4_0025723_1",
    "SWU4_0025723_2",
    "SWU4_0025724_1",
    "SWU4_0025724_2",
    "SWU4_0025725_1",
    "SWU4_0025725_2",
    "SWU4_0025726_1",
    "SWU4_0025726_2",
    "SWU4_0025727_1",
    "SWU4_0025727_2",
    "SWU4_0025728_1",
    "SWU4_0025728_2",
    "SWU4_0025729_1",
    "SWU4_0025729_2",
    "SWU4_0025730_1",
    "SWU4_0025730_2",
    "SWU4_0025731_1",
    "SWU4_0025731_2",
    "SWU4_0025732_1",
    "SWU4_0025732_2",
    "SWU4_0025733_1",
    "SWU4_0025733_2",
    "SWU4_0025734_1",
    "SWU4_0025734_2",
    "SWU4_0025735_1",
    "SWU4_0025735_2",
